$ANSIBLE_VAULT;1.1;AES256
61313138643362336161623137373864633634363332613838666330356435626135363136663466
6263396365613330396566323661333930653061343230660a373632346565366638306131653565
33636664646431633563313663396134656562633830373431396236343038393762636133343432
3565343666663635620a363135616535323733613139613136306132323834356432353063333066
39393730646535623938613562353738313761313930383537393939313763633339373539386338
34633261336237363136613933373936313339633566633766666138313732336632396263383565
35393233386237336634393639666465353162666431633137383730613434643330333464353536
63356365336434323461373335646361323931343034313531633563376231376437646134333334
30663265656261353136346664336132343161323231323536323564326333346465303361633161
34373763336163643335363139363738363966663661653861393662326666623432333535383566
33613261633431613634613464326131343039646531376333383361363235636465383262346164
35353466656634643035646366653663336132303431376431613963316338313739326563366339
61666534663035316432326264366631333463373633343930343465363935623063346335373139
32663930333762636339313738653732356262323732633331653839623931376431396137613635
33323562303232656663643434316562396566646335626234643833623332386264653163353038
34633964326264323366646562643435313139613234343434366439663165343930626163656334
37633734323264393438373030656530373138623961666331333535616239643737386433663032
66356333653939633763313233613561356238396435373432623838653362613439386437316263
66633731353065316564646161333562393133333638313064613965336234623262663432623665
31316533653434396463653361663538303066396430663338306464383337626639646666613861
61343064373236636161633663336666343663333730333733396433353862623534623563656363
66323666656337616463313831306465313430636535316632663734333131383034623766663133
66333962303933626532313437306137356433316330323333646337663035343539396237363536
64366534306631663662656539303562363233646437663163643030343662643034323966643362
38376638383839633935366263663637373633623566313430396438653435653832623435653363
66653362643439613436313239333665616435623035643564393131396637613861326639663862
35633964656235323732303630396364356162323533386166646638616233393265306461383362
35633765333061623939626132333061326534636237613664323466326265666466353536383232
31646236333661366332333736383030306539316539313136653230346361323435653736303163
66393434663131633461353631336331623437633062303766333839383334376537346363346362
37313663633065393132613339653731353165616332353763393439646231383365363962666635
36373434396530623637663361353331306333633663386230393332393031346131306631393338
30653763623236316530643937383337326263323862326238396166313466663361666130316461
66633832323164386132363061353234643836353130363539343639666630663761636231303836
63393837613061363033396537636332643630333537353133366537396235383138366664383236
39386635626334646466343265393234313139326133383238663439366437323634323531306530
38663535346463336534323636663733323236373039303165383730393437373364393461623239
61346438323335343562656538663961383766366562633331316163333836353737326636346163
33343339323837343366373236366337653838356637396661326530643739313933646630366630
62323535353138626635663466373531656130313536656437303030323138303263303739653338
33613461326163663465373934663534626638376530323838636536303162633165356462643264
32373861373664613537393730393938326131336361343138323964363835376333376234303036
37343761393036376666633832353039613363343939326138623064616131316238613261333264
62383936653433396163616230663262353063623730623935626537636630373261353065656666
34393139646463653966323333393633303437316665653565326665313034303139666261363631
61326565336239376134323231376235303730656435396432623639316230306238353536346231
35616138373362396539396261653863623765356265376334393037653866343763663831343237
34333866363733613935663737343663666532346336643437386534616232666530316361346430
32333463613237636338396662653538346161376262663236323536656139633866623536313263
38393862306366376132656463373933396435383265613434313134363365353464343666373865
32323434343532383832343263323936656230643837633164363137653861326362663832393732
38326430353662376431366536663132383666326634653537396265383639396565333462643164
33353231376131663863626436326664376537336362393632343334633930306332326434633064
36353534386336376265616631336637373936366561326231666164663935303134353539313133
66653733376562633831353266666436386437363163376232333139326464353762366439643065
39663931353966613062376334643564333036646635346430333162656161306635346465613336
37666137303733306664383065396261363661666261626132636336653836316132653266333130
38333632656537306639663161653937366666386365646336326332313665363231393961333732
65643731343233646430316230643061636666313032356166616630646539333436636430333065
62353961393630326266616339353566326537393030613965326635636131346434646238663631
37336238623362666461313232323163316231653663326363663036383337643832363032613034
33666235323761333938653062336564373835323665666661333366613361363937643661353135
62346234386664366536346435633762393236646139366566343035626163353033626535396632
39653564623061616539333333353366373164666162633631363431323835373338323933646331
62306231666432623963353464336361353761323733646438666565303730323836643237303030
36646537353631323634646430393332636430626534393034373566343761663838313834623132
39313531643535633837373435613766353735666239623539343731323162376336343835623035
36633038363465616435666465393863303431613739643961366434633338313637666533646535
37366539373135326335326665366665656431623737616436616635633335656338343363356336
34346438356532303161636639373930643863386132366464626565316364366636326239633935
62383436316166663437393533396138643439663362323964333763343635666133356134353630
39623464303764323532626532373738333034646230356538376134653961363835626564633862
66323835653562356265636137626234313765306162336661353861336331646336363465303436
34636235313332633261363861383235326337626561643265366330346136373537653534376536
36303861393335363037623861303131386336626232656635623430306134306232613131303361
37343864393836323536366561306431663634656234336332353932353561363230633230373233
34656630303334373362303466316336396463313365623530303463643730633065656362663035
35333964333036303138653065373931393130313433643439316464373062363336303236316331
34396237633536616630616537316231663336316434653236393435316531666164376263623964
64376634373932613631386661383538323664636131313135336262386431313733333665663665
65393165613237623566303539626437626466653462353530323730613537346335633230303235
30626264303261313331323036373530346538623535393061633036636239363966393662323331
34616361663237393261343439356236636462623363653561343736383263633536643837343366
34313131373336313838386566653565313336633835396638333130353430386634613663343065
33623163333638306461386133383336306161643865363562323738646664313330653962626436
66366566386538303433613965636263623930313630663134613661333035613433353763366631
34353464626332356335643264616336356237633036646333393163396263663734363533366237
65386638306133636566383230343365303730393164303863316333663035366232623132306166
31323834386164636662646539346137323333623164653230636433393864386664633963343163
61323339393938633033626364316135383361626237626538383962376164333737663639343334
38353531313538303066666338316466663365343431376430373730323965313939646463656563
30646136666366643661336330346264366233313365303432316334633434616232323839363562
6132
